var samplet1 = [
  [[86, 56, 10, 12, 8], [69, 20, 28, 5, 16]],
  [[76, 10, 46, 9, 11], [73, 29, 10, 25, 9]],
  [[85, 12, 46, 12, 15], [87, 36, 1, 26, 24]],
  [[84, 12, 38, 13, 21], [81, 23, 28, 18, 12]],
  [[75, 38, 15, 9, 13], [75, 20, 23, 19, 13]],
  [[67, 32, 15, 11, 9], [85, 2, 2, 68, 13]],
  [[85, 32, 18, 19, 16], [68, 24, 16, 5, 23]],
  [[74, 26, 18, 2, 28], [67, 4, 39, 17, 7]],
  [[79, 26, 22, 20, 11], [73, 18, 2, 42, 11]],
  [[73, 22, 12, 8, 31], [70, 24, 4, 15, 27]]
];

var samplet2 = [
  [[56, 7, 2, 11], [10, 28, 29, 21]],
  [[10, 13, 29, 13], [46, 12, 13, 8]],
  [[12, 30, 28, 20], [46, 9, 12, 13]],
  [[12, 8, 26, 33], [38, 42, 1, 11]],
  [[38, 10, 7, 11], [15, 1, 26, 34]],
  [[32, 4, 7, 21], [15, 20, 26, 22]],
  [[32, 22, 19, 22], [18, 8, 31, 8]],
  [[26, 12, 24, 33], [18, 20, 10, 15]],
  [[26, 7, 42, 6], [22, 35, 27, 1]],
  [[22, 31, 12, 23], [12, 30, 10, 24]]
];

var samplet3 = [
  [[76, 56, 7, 2, 11], [88, 10, 28, 29, 21]],
  [[65, 10, 13, 29, 13], [79, 46, 12, 13, 8]],
  [[90, 12, 30, 28, 20], [80, 46, 9, 12, 13]],
  [[79, 12, 8, 26, 33], [92, 38, 42, 1, 11]],
  [[66, 38, 10, 7, 11], [76, 15, 1, 26, 34]],
  [[64, 32, 4, 7, 21], [83, 15, 20, 26, 22]],
  [[95, 32, 22, 19, 22], [65, 18, 8, 31, 8]],
  [[95, 26, 12, 24, 33], [63, 18, 20, 10, 15]],
  [[81, 26, 7, 42, 6], [85, 22, 35, 27, 1]],
  [[88, 22, 31, 12, 23], [76, 12, 30, 10, 24]]
];

var samplet4 = [
  [[11, 2, 7, 56], [21, 29, 28, 10]],
  [[13, 29, 13, 10], [8, 13, 12, 46]],
  [[20, 28, 30, 12], [13, 12, 9, 46]],
  [[33, 26, 8, 12], [11, 1, 42, 38]],
  [[11, 7, 10, 38], [34, 26, 1, 15]],
  [[21, 7, 4, 32], [22, 26, 20, 15]],
  [[22, 19, 22, 32], [8, 31, 8, 18]],
  [[33, 24, 12, 26], [15, 10, 20, 18]],
  [[6, 42, 7, 26], [1, 27, 35, 22]],
  [[23, 12, 31, 22], [24, 10, 30, 12]]
];

var samplet5 = [
  [[8, 12, 10, 56], [16, 5, 28, 20]],
  [[11, 9, 46, 10], [9, 25, 10, 29]],
  [[15, 12, 46, 12], [24, 26, 1, 36]],
  [[21, 13, 38, 12], [12, 18, 28, 23]],
  [[13, 9, 15, 38], [13, 19, 23, 20]],
  [[9, 11, 15, 32], [13, 68, 2, 2]],
  [[16, 19, 18, 32], [23, 5, 16, 24]],
  [[28, 2, 18, 26], [7, 17, 39, 4]],
  [[11, 20, 22, 26], [11, 42, 2, 18]],
  [[31, 8, 12, 22], [27, 15, 4, 24]]
];

var sample5 = [
  [15, 25, 8, 20, 32],
  [11, 34, 6, 29, 20],
  [13, 8, 25, 35, 19],
  [33, 20, 24, 8, 15],
  [17, 33, 26, 10, 14],
  [16, 23, 13, 11, 37],
  [5, 15, 32, 19, 29],
  [11, 17, 23, 30, 19],
  [8, 4, 30, 38, 20],
  [35, 16, 23, 20, 6]
];
